0.019289 166
1.820250 1
0.169484 1
1.480445 1
0.642191 1
0.112740 1
0.441629 1
0.485209 1
1.253058 1
0.114340 1
1.485778 3
0.400011 279
0.007213 166
2.667019 1
0.175930 1
0.109613 2
0.020890 133
0.000374 166
5.261840 1
0.206685 1
1.656104 1
0.477723 1
0.256985 1
0.302657 1
0.102568 1
0.213311 1
0.143195 1
0.808133 3
0.670414 1
0.293278 1
1.198480 1
1.082993 1
0.809037 1
1.147767 1
0.212252 1
0.173006 1
0.098501 1
0.264877 1
0.182661 1
0.698110 1
0.257238 1
0.230649 1
4.948686 2
0.029040 166
3.106721 1
0.085348 1
0.128208 1
1.756447 1
0.241298 1
0.912933 1
0.284424 1
0.196070 1
0.960828 1
0.097406 3
0.242446 1
0.161309 1
0.583623 1
1.904629 1
1.367994 1
2.169027 1
0.249429 1
0.433418 1
0.352369 1
0.280847 1
0.386321 1
0.149704 1
0.260201 1
0.127695 1
0.842768 2
0.022487 166
2.259585 1
0.158813 1
0.102787 2
0.024360 110
0.000436 166
2.696931 1
0.069894 1
0.979055 1
0.559875 1
0.148573 2
0.008270 170
1.003177 1
0.128372 1
0.176224 2
0.022255 50
0.000559 170
8.614464 1
0.079487 1
0.203477 1
1.955351 1
0.228080 1
0.257003 1
0.543077 1
0.271035 3
1.192573 1
0.442342 4
0.473941 1
0.061505 1
0.194686 1
0.152837 1
1.180279 1
1.051806 1
0.732972 1
0.074744 1
2.203163 1
0.205063 1
0.208355 1
0.583414 1
0.269927 1
0.873367 1
0.124700 1
0.171832 1
0.297233 1
2.589833 2
0.012542 170
2.579735 1
0.071123 1
0.185555 1
0.635838 1
0.164516 1
0.117765 1
0.208020 2
0.003505 166
1.226974 1
0.290687 1
0.144187 2
0.014546 110
0.000605 166
6.410617 1
0.116139 1
0.346584 1
0.129424 1
0.102902 1
0.222136 1
2.739446 1
0.199277 1
0.415609 1
0.467021 3
0.159543 1
1.331666 1
0.164340 1
0.263010 1
0.134857 1
0.173126 2
0.894349 166
4.307973 1
0.115027 1
0.146728 2
0.015799 134
0.000443 166
3.021549 1
0.109668 1
0.243767 1
0.108162 1
0.197381 1
1.296146 1
0.211392 1
0.191119 1
0.376870 1
0.387299 2
0.096677 33
0.029033 53
0.000661 53
0.000439 53
0.000362 53
0.015404 166
18.616962 1
0.250412 1
0.892841 1
0.118092 1
0.575702 4
0.145031 4
0.426197 1
0.120325 1
0.478250 2
0.000279 6
